0 0.34375 0.103515625 0.15234375 0.064453125
0 0.583984375 0.05078125 0.1640625 0.072265625
0 0.3310546875 0.15625 0.171875 0.0703125
0 0.6201171875 0.09375 0.166015625 0.06640625
0 0.3193359375 0.2099609375 0.15625 0.06640625
0 0.6533203125 0.1396484375 0.154296875 0.064453125
0 0.3505859375 0.255859375 0.158203125 0.068359375
0 0.64453125 0.197265625 0.15234375 0.0625
0 0.3642578125 0.349609375 0.16796875 0.068359375
0 0.6611328125 0.2890625 0.16796875 0.068359375
0 0.3779296875 0.3994140625 0.162109375 0.068359375
0 0.671875 0.3369140625 0.16015625 0.06640625
0 0.390625 0.4443359375 0.15625 0.0625
0 0.681640625 0.3818359375 0.166015625 0.06640625
0 0.4384765625 0.49609375 0.15234375 0.064453125
0 0.654296875 0.4482421875 0.16015625 0.056640625
0 0.455078125 0.53515625 0.177734375 0.076171875
0 0.65234375 0.498046875 0.16015625 0.064453125
0 0.4345703125 0.5869140625 0.15234375 0.060546875
0 0.6982421875 0.53125 0.150390625 0.05859375
0 0.4267578125 0.6357421875 0.16015625 0.06640625
0 0.728515625 0.5732421875 0.16015625 0.068359375
0 0.4619140625 0.6767578125 0.15234375 0.072265625
0 0.7177734375 0.6220703125 0.1640625 0.072265625
0 0.458984375 0.7744140625 0.162109375 0.078125
0 0.755859375 0.7099609375 0.158203125 0.06640625
0 0.4716796875 0.8330078125 0.16796875 0.076171875
0 0.759765625 0.767578125 0.146484375 0.0625
0 0.486328125 0.9287109375 0.154296875 0.064453125
0 0.7861328125 0.861328125 0.142578125 0.060546875