0 0.146484375 0.109375 0.072265625 0.033203125
0 0.2255859375 0.130859375 0.046875 0.072265625
0 0.3359375 0.154296875 0.091796875 0.046875
0 0.3583984375 0.109375 0.0703125 0.044921875
0 0.3359375 0.208984375 0.09375 0.05078125
0 0.2666015625 0.234375 0.07421875 0.041015625
0 0.4150390625 0.267578125 0.083984375 0.05078125
0 0.326171875 0.3369140625 0.06640625 0.04296875
0 0.48046875 0.3544921875 0.06640625 0.08984375
0 0.7392578125 0.2197265625 0.072265625 0.041015625
0 0.734375 0.259765625 0.0703125 0.04296875
0 0.708984375 0.3271484375 0.044921875 0.06640625
0 0.6982421875 0.396484375 0.044921875 0.06640625
0 0.666015625 0.4814453125 0.119140625 0.06640625
0 0.5859375 0.521484375 0.083984375 0.046875
0 0.6640625 0.5703125 0.068359375 0.04296875
0 0.66015625 0.626953125 0.10546875 0.048828125
0 0.5419921875 0.640625 0.052734375 0.06640625
0 0.5712890625 0.712890625 0.048828125 0.06640625
0 0.6455078125 0.7197265625 0.072265625 0.048828125
0 0.65234375 0.806640625 0.064453125 0.09375
0 0.5390625 0.8115234375 0.0625 0.09765625
0 0.37109375 0.9033203125 0.109375 0.048828125