0 0.1953125 0.349609375 0.0439453125 0.12109375
0 0.2548828125 0.3505859375 0.0419921875 0.1201171875
0 0.3115234375 0.3515625 0.0478515625 0.123046875
0 0.3798828125 0.3720703125 0.048828125 0.1201171875
0 0.1875 0.521484375 0.0517578125 0.125
0 0.25 0.552734375 0.0478515625 0.1240234375
0 0.3134765625 0.5302734375 0.05078125 0.16796875
0 0.3798828125 0.537109375 0.0439453125 0.123046875
0 0.23828125 0.7802734375 0.0546875 0.169921875
0 0.337890625 0.8310546875 0.1142578125 0.0732421875
0 0.482421875 0.3603515625 0.0419921875 0.1162109375
0 0.4814453125 0.55078125 0.05078125 0.1279296875
0 0.546875 0.361328125 0.0517578125 0.123046875
0 0.544921875 0.5556640625 0.05859375 0.1376953125
0 0.6083984375 0.361328125 0.05078125 0.1181640625
0 0.6083984375 0.5517578125 0.05078125 0.125
0 0.767578125 0.361328125 0.0478515625 0.1181640625
0 0.8291015625 0.359375 0.0537109375 0.12109375
0 0.8896484375 0.361328125 0.0546875 0.1181640625
0 0.7705078125 0.552734375 0.0537109375 0.123046875
0 0.8330078125 0.5556640625 0.048828125 0.126953125
0 0.8896484375 0.5546875 0.0537109375 0.125