0 0.1298828125 0.20703125 0.0380859375 0.060546875
0 0.2314453125 0.205078125 0.041015625 0.078125
0 0.4189453125 0.357421875 0.0361328125 0.0458984375
0 0.41796875 0.587890625 0.04296875 0.05078125
0 0.4873046875 0.353515625 0.0390625 0.052734375
0 0.490234375 0.5927734375 0.041015625 0.0546875
0 0.587890625 0.3740234375 0.0224609375 0.10546875
0 0.6142578125 0.3720703125 0.021484375 0.11328125
0 0.587890625 0.5712890625 0.0224609375 0.1171875
0 0.6142578125 0.5703125 0.0244140625 0.115234375
0 0.728515625 0.37890625 0.0185546875 0.115234375
0 0.755859375 0.375 0.0205078125 0.111328125
0 0.7294921875 0.5615234375 0.017578125 0.115234375
0 0.755859375 0.5673828125 0.025390625 0.11328125
0 0.8798828125 0.349609375 0.0244140625 0.111328125
0 0.0751953125 0.396484375 0.01953125 0.1025390625
0 0.220703125 0.37890625 0.015625 0.111328125
0 0.3505859375 0.34765625 0.015625 0.111328125