0 0.125 0.2685546875 0.1484375 0.068359375
0 0.4150390625 0.1455078125 0.091796875 0.060546875
0 0.583984375 0.14453125 0.103515625 0.060546875
0 0.4169921875 0.2109375 0.1015625 0.060546875
0 0.5771484375 0.2099609375 0.103515625 0.06640625
0 0.337890625 0.298828125 0.064453125 0.12890625
0 0.421875 0.3046875 0.091796875 0.06640625
0 0.5771484375 0.30078125 0.09375 0.056640625
0 0.6611328125 0.2978515625 0.0625 0.126953125
0 0.8515625 0.3251953125 0.134765625 0.12109375
0 0.16796875 0.451171875 0.0703125 0.138671875
0 0.453125 0.4462890625 0.08984375 0.0703125
0 0.552734375 0.4404296875 0.087890625 0.060546875
0 0.4150390625 0.5126953125 0.09375 0.060546875
0 0.5908203125 0.5087890625 0.08984375 0.056640625
0 0.5751953125 0.5703125 0.08984375 0.05078125
0 0.4306640625 0.5712890625 0.083984375 0.056640625
0 0.4482421875 0.6484375 0.0546875 0.091796875
0 0.5654296875 0.642578125 0.052734375 0.08984375
0 0.4638671875 0.755859375 0.091796875 0.056640625
0 0.556640625 0.75390625 0.08203125 0.0546875
0 0.439453125 0.828125 0.087890625 0.0546875
0 0.576171875 0.826171875 0.09375 0.060546875
0 0.4404296875 0.88671875 0.095703125 0.060546875
0 0.578125 0.8876953125 0.09765625 0.056640625