0 0.3193359375 0.3291015625 0.154296875 0.1015625
0 0.43359375 0.3642578125 0.091796875 0.173828125
0 0.400390625 0.5146484375 0.154296875 0.09765625
0 0.5322265625 0.4501953125 0.087890625 0.12109375
0 0.6328125 0.4248046875 0.078125 0.12109375
0 0.552734375 0.2412109375 0.103515625 0.078125
0 0.599609375 0.2958984375 0.109375 0.08203125
0 0.69140625 0.412109375 0.09765625 0.173828125
0 0.7529296875 0.259765625 0.08203125 0.1171875
0 0.8232421875 0.2080078125 0.08203125 0.1171875
0 0.869140625 0.3857421875 0.087890625 0.12109375
0 0.783203125 0.3681640625 0.08203125 0.115234375
0 0.6103515625 0.677734375 0.1171875 0.083984375