0 0.0322265625 0.4404296875 0.05859375 0.130859375
0 0.060546875 0.4296875 0.0546875 0.125
0 0.0927734375 0.423828125 0.05859375 0.126953125
0 0.072265625 0.599609375 0.0546875 0.123046875
0 0.1015625 0.599609375 0.05859375 0.12890625
0 0.1337890625 0.5908203125 0.056640625 0.126953125
0 0.1923828125 0.3974609375 0.048828125 0.11328125
0 0.22265625 0.3935546875 0.05078125 0.1171875
0 0.2529296875 0.3828125 0.052734375 0.1171875
0 0.234375 0.5615234375 0.048828125 0.109375
0 0.2626953125 0.5546875 0.05078125 0.11328125
0 0.29296875 0.5478515625 0.052734375 0.1171875
0 0.33203125 0.3984375 0.052734375 0.12109375
0 0.341796875 0.3232421875 0.07421875 0.197265625
0 0.3916015625 0.53125 0.0546875 0.126953125
0 0.4287109375 0.5234375 0.05078125 0.119140625
0 0.474609375 0.513671875 0.060546875 0.126953125
0 0.4599609375 0.3671875 0.0546875 0.130859375
0 0.478515625 0.849609375 0.06640625 0.08203125
0 0.55078125 0.7080078125 0.060546875 0.072265625
0 0.578125 0.8212890625 0.06640625 0.078125
0 0.6591796875 0.71875 0.056640625 0.126953125
0 0.5380859375 0.486328125 0.0625 0.134765625
0 0.576171875 0.4775390625 0.052734375 0.12109375
0 0.6337890625 0.4619140625 0.056640625 0.130859375
0 0.49609375 0.306640625 0.056640625 0.123046875
0 0.53125 0.298828125 0.064453125 0.126953125
0 0.587890625 0.28515625 0.060546875 0.123046875
0 0.5673828125 0.1220703125 0.072265625 0.091796875
0 0.6787109375 0.2802734375 0.056640625 0.125
0 0.71484375 0.2744140625 0.05859375 0.130859375
0 0.75 0.2607421875 0.060546875 0.125
0 0.716796875 0.4375 0.0625 0.130859375
0 0.75390625 0.4296875 0.060546875 0.1328125
0 0.7890625 0.41796875 0.056640625 0.123046875
0 0.8251953125 0.2392578125 0.0546875 0.126953125
0 0.8544921875 0.2314453125 0.05078125 0.119140625
0 0.8837890625 0.22265625 0.048828125 0.111328125
0 0.9130859375 0.2197265625 0.056640625 0.125
0 0.865234375 0.4013671875 0.056640625 0.126953125
0 0.8955078125 0.39453125 0.056640625 0.130859375
0 0.9248046875 0.3876953125 0.056640625 0.12890625
0 0.9541015625 0.384765625 0.0546875 0.123046875