0 0.095703125 0.162109375 0.0693359375 0.0234375
0 0.1767578125 0.1728515625 0.037109375 0.068359375
0 0.2890625 0.1806640625 0.0888671875 0.0341796875
0 0.3056640625 0.1328125 0.06640625 0.03515625
0 0.296875 0.234375 0.08984375 0.0380859375
0 0.2314453125 0.26953125 0.0712890625 0.0322265625
0 0.3837890625 0.28125 0.080078125 0.0390625
0 0.3046875 0.3623046875 0.0625 0.0341796875
0 0.4599609375 0.3583984375 0.0556640625 0.08203125
0 0.6982421875 0.189453125 0.068359375 0.03125
0 0.6982421875 0.2294921875 0.0654296875 0.03515625
0 0.6826171875 0.2998046875 0.037109375 0.0615234375
0 0.681640625 0.3701171875 0.037109375 0.0615234375
0 0.662109375 0.4580078125 0.1123046875 0.05078125
0 0.587890625 0.509765625 0.0791015625 0.0361328125
0 0.671875 0.546875 0.0634765625 0.03515625
0 0.6767578125 0.603515625 0.1025390625 0.03515625
0 0.5615234375 0.6337890625 0.044921875 0.060546875
0 0.6005859375 0.701171875 0.0400390625 0.0615234375
0 0.6748046875 0.697265625 0.06640625 0.0400390625
0 0.693359375 0.7822265625 0.0517578125 0.087890625
0 0.58203125 0.802734375 0.0498046875 0.091796875
0 0.4287109375 0.9169921875 0.10546875 0.03515625