0 0.2529296875 0.30859375 0.0341796875 0.099609375
0 0.2177734375 0.427734375 0.0458984375 0.037109375
0 0.2197265625 0.5048828125 0.04296875 0.037109375
0 0.287109375 0.4990234375 0.0419921875 0.0380859375
0 0.1845703125 0.5693359375 0.0185546875 0.126953125
0 0.3203125 0.5634765625 0.01953125 0.109375
0 0.435546875 0.64453125 0.0234375 0.1103515625
0 0.3623046875 0.8203125 0.0234375 0.099609375
0 0.3984375 0.818359375 0.0234375 0.1025390625
0 0.474609375 0.7861328125 0.021484375 0.10546875
0 0.509765625 0.78125 0.0224609375 0.109375
0 0.7138671875 0.1630859375 0.033203125 0.1044921875
0 0.591796875 0.427734375 0.044921875 0.04296875
0 0.5693359375 0.568359375 0.0302734375 0.119140625
0 0.662109375 0.4990234375 0.0419921875 0.03515625
0 0.70703125 0.5693359375 0.0263671875 0.1171875
0 0.865234375 0.517578125 0.0302734375 0.1044921875
0 0.8095703125 0.646484375 0.025390625 0.1103515625
0 0.7041015625 0.6845703125 0.0263671875 0.1044921875
0 0.7705078125 0.78125 0.029296875 0.1103515625
0 0.8505859375 0.78125 0.0234375 0.1142578125
0 0.88671875 0.7802734375 0.021484375 0.1025390625