0 0.79296875 0.5078125 0.0283203125 0.1572265625
0 0.728515625 0.439453125 0.0703125 0.09375
0 0.6376953125 0.412109375 0.07421875 0.087890625
0 0.638671875 0.6650390625 0.0693359375 0.0859375
0 0.73046875 0.638671875 0.068359375 0.0927734375
0 0.486328125 0.4375 0.07421875 0.087890625
0 0.439453125 0.5693359375 0.037109375 0.1474609375
0 0.4912109375 0.7294921875 0.0732421875 0.0888671875
0 0.625 0.8740234375 0.033203125 0.1552734375
0 0.3798828125 0.6337890625 0.0380859375 0.15234375
0 0.365234375 0.4345703125 0.0380859375 0.1572265625
0 0.3203125 0.568359375 0.041015625 0.150390625
0 0.2744140625 0.4375 0.068359375 0.0908203125
0 0.1826171875 0.6396484375 0.076171875 0.0908203125
0 0.1787109375 0.4423828125 0.0771484375 0.099609375
0 0.08203125 0.4345703125 0.0498046875 0.14453125
0 0.0771484375 0.6416015625 0.0517578125 0.1689453125