0 0.12890625 0.26171875 0.146484375 0.0654296875
0 0.4208984375 0.14453125 0.0908203125 0.05859375
0 0.58984375 0.146484375 0.1015625 0.0595703125
0 0.421875 0.2099609375 0.099609375 0.05859375
0 0.58203125 0.2109375 0.1015625 0.064453125
0 0.341796875 0.2958984375 0.0625 0.1279296875
0 0.4248046875 0.3037109375 0.0908203125 0.064453125
0 0.5810546875 0.3017578125 0.0927734375 0.0546875
0 0.6650390625 0.30078125 0.0595703125 0.125
0 0.8544921875 0.3310546875 0.1328125 0.1181640625
0 0.1689453125 0.4453125 0.0673828125 0.13671875
0 0.4541015625 0.4453125 0.087890625 0.0693359375
0 0.5537109375 0.44140625 0.0859375 0.05859375
0 0.4150390625 0.5107421875 0.0927734375 0.0595703125
0 0.5908203125 0.5107421875 0.08984375 0.0546875
0 0.57421875 0.5712890625 0.0888671875 0.0498046875
0 0.4296875 0.5703125 0.0830078125 0.0546875
0 0.4453125 0.6474609375 0.0537109375 0.0908203125
0 0.5625 0.6435546875 0.05078125 0.08984375
0 0.458984375 0.7548828125 0.0908203125 0.0546875
0 0.5517578125 0.7548828125 0.08203125 0.052734375
0 0.43359375 0.8271484375 0.087890625 0.052734375
0 0.5703125 0.8271484375 0.0927734375 0.05859375
0 0.43359375 0.8857421875 0.0947265625 0.0595703125
0 0.5712890625 0.888671875 0.0966796875 0.0556640625