0 0.25 0.3125 0.03515625 0.099609375
0 0.216796875 0.4326171875 0.046875 0.037109375
0 0.2197265625 0.509765625 0.04296875 0.037109375
0 0.287109375 0.5029296875 0.04296875 0.0390625
0 0.185546875 0.5751953125 0.021484375 0.126953125
0 0.3212890625 0.56640625 0.021484375 0.109375
0 0.4384765625 0.6455078125 0.025390625 0.111328125
0 0.3681640625 0.822265625 0.025390625 0.099609375
0 0.404296875 0.8203125 0.025390625 0.103515625
0 0.4794921875 0.7861328125 0.0234375 0.10546875
0 0.5146484375 0.78125 0.0234375 0.109375
0 0.7080078125 0.1591796875 0.03515625 0.10546875
0 0.5908203125 0.42578125 0.044921875 0.04296875
0 0.5703125 0.5673828125 0.033203125 0.119140625
0 0.662109375 0.49609375 0.04296875 0.03515625
0 0.7080078125 0.5654296875 0.029296875 0.1171875
0 0.865234375 0.5107421875 0.03125 0.10546875
0 0.8125 0.640625 0.02734375 0.111328125
0 0.70703125 0.6806640625 0.02734375 0.10546875
0 0.775390625 0.7763671875 0.03125 0.111328125
0 0.85546875 0.775390625 0.025390625 0.115234375
0 0.8916015625 0.7734375 0.0234375 0.103515625