0 0.1865234375 0.1474609375 0.048828125 0.06640625
0 0.287109375 0.1630859375 0.0546875 0.083984375
0 0.4453125 0.345703125 0.04296875 0.05078125
0 0.404296875 0.572265625 0.05078125 0.056640625
0 0.5126953125 0.353515625 0.046875 0.05859375
0 0.474609375 0.58984375 0.05078125 0.060546875
0 0.6083984375 0.3916015625 0.041015625 0.107421875
0 0.634765625 0.3935546875 0.041015625 0.115234375
0 0.57421875 0.5859375 0.04296875 0.119140625
0 0.6005859375 0.5888671875 0.044921875 0.1171875
0 0.74609375 0.4208984375 0.0390625 0.1171875
0 0.7734375 0.4208984375 0.0390625 0.11328125
0 0.71484375 0.6005859375 0.037109375 0.1171875
0 0.740234375 0.6103515625 0.044921875 0.115234375
0 0.900390625 0.41796875 0.04296875 0.11328125
0 0.099609375 0.32421875 0.037109375 0.103515625
0 0.24609375 0.33203125 0.03515625 0.11328125
0 0.37890625 0.32421875 0.03515625 0.11328125