0 0.0625 0.466796875 0.087890625 0.185546875
0 0.2451171875 0.3447265625 0.08984375 0.17578125
0 0.2255859375 0.4853515625 0.072265625 0.11328125
0 0.32421875 0.451171875 0.05859375 0.115234375
0 0.318359375 0.298828125 0.1015625 0.0625
0 0.4169921875 0.5078125 0.13671875 0.08203125
0 0.48828125 0.3515625 0.0859375 0.1796875
0 0.6005859375 0.49609375 0.126953125 0.087890625
0 0.6123046875 0.2509765625 0.076171875 0.1171875
0 0.7568359375 0.2705078125 0.166015625 0.1015625
0 0.470703125 0.716796875 0.134765625 0.083984375
0 0.2529296875 0.1123046875 0.1328125 0.08203125