0 0.7841796875 0.5732421875 0.0625 0.16015625
0 0.736328125 0.4921875 0.08984375 0.107421875
0 0.654296875 0.4453125 0.091796875 0.1015625
0 0.59765625 0.6923828125 0.0859375 0.099609375
0 0.693359375 0.6865234375 0.087890625 0.10546875
0 0.5009765625 0.435546875 0.091796875 0.1015625
0 0.42578125 0.5537109375 0.068359375 0.15234375
0 0.439453125 0.7216796875 0.091796875 0.103515625
0 0.5380859375 0.892578125 0.06640625 0.158203125
0 0.3525390625 0.603515625 0.072265625 0.15625
0 0.3837890625 0.40625 0.072265625 0.162109375
0 0.3095703125 0.5263671875 0.07421875 0.15625
0 0.2939453125 0.388671875 0.087890625 0.103515625
0 0.1591796875 0.564453125 0.09375 0.10546875
0 0.2001953125 0.3720703125 0.09765625 0.115234375
0 0.107421875 0.341796875 0.080078125 0.15234375
0 0.0556640625 0.54296875 0.087890625 0.17578125