0 0.162109375 0.169921875 0.044921875 0.064453125
0 0.263671875 0.1787109375 0.048828125 0.08203125
0 0.4345703125 0.349609375 0.041015625 0.048828125
0 0.4091796875 0.5791015625 0.048828125 0.0546875
0 0.5029296875 0.3525390625 0.044921875 0.056640625
0 0.48046875 0.5908203125 0.046875 0.05859375
0 0.6005859375 0.3837890625 0.033203125 0.107421875
0 0.626953125 0.384765625 0.033203125 0.115234375
0 0.580078125 0.580078125 0.03515625 0.119140625
0 0.6064453125 0.58203125 0.037109375 0.1171875
0 0.740234375 0.4033203125 0.03125 0.1171875
0 0.767578125 0.40234375 0.03125 0.11328125
0 0.7216796875 0.5849609375 0.029296875 0.1171875
0 0.7470703125 0.59375 0.037109375 0.115234375
0 0.8935546875 0.390625 0.03515625 0.11328125
0 0.087890625 0.3525390625 0.029296875 0.103515625
0 0.2353515625 0.3505859375 0.02734375 0.11328125
0 0.3671875 0.3330078125 0.02734375 0.11328125