0 0.33984375 0.181640625 0.099609375 0.140625
0 0.55078125 0.125 0.099609375 0.13671875
0 0.671875 0.19921875 0.14453125 0.103515625
0 0.5244140625 0.2783203125 0.1015625 0.142578125
0 0.458984375 0.501953125 0.1015625 0.142578125
0 0.55859375 0.5068359375 0.1015625 0.14453125
0 0.7041015625 0.44921875 0.142578125 0.09765625
0 0.314453125 0.57421875 0.09765625 0.138671875
0 0.767578125 0.9130859375 0.138671875 0.09375
0 0.7822265625 0.5205078125 0.140625 0.1015625
0 0.76953125 0.6640625 0.1484375 0.107421875
0 0.603515625 0.6787109375 0.09765625 0.14453125