0 0.7822265625 0.578125 0.06640625 0.16015625
0 0.736328125 0.49609375 0.091796875 0.107421875
0 0.6552734375 0.4482421875 0.09375 0.103515625
0 0.5947265625 0.693359375 0.087890625 0.099609375
0 0.6904296875 0.6904296875 0.087890625 0.107421875
0 0.501953125 0.4365234375 0.09375 0.103515625
0 0.4248046875 0.552734375 0.072265625 0.15234375
0 0.435546875 0.720703125 0.091796875 0.103515625
0 0.53125 0.8935546875 0.0703125 0.158203125
0 0.3515625 0.6005859375 0.07421875 0.15625
0 0.384765625 0.404296875 0.07421875 0.162109375
0 0.3095703125 0.5224609375 0.076171875 0.15625
0 0.2958984375 0.384765625 0.087890625 0.10546875
0 0.158203125 0.55859375 0.095703125 0.107421875
0 0.2021484375 0.3662109375 0.099609375 0.115234375
0 0.1103515625 0.3349609375 0.083984375 0.15234375
0 0.0556640625 0.53515625 0.091796875 0.17578125