0 0.421875 0.15234375 0.0712890625 0.1279296875
0 0.6396484375 0.1484375 0.0712890625 0.1240234375
0 0.7392578125 0.25 0.130859375 0.07421875
0 0.5771484375 0.291015625 0.072265625 0.1298828125
0 0.4599609375 0.4921875 0.072265625 0.1279296875
0 0.5556640625 0.5205078125 0.072265625 0.130859375
0 0.7099609375 0.5 0.130859375 0.068359375
0 0.3017578125 0.52734375 0.0693359375 0.1259765625
0 0.6591796875 0.9658203125 0.126953125 0.064453125
0 0.7685546875 0.587890625 0.1259765625 0.07421875
0 0.7216796875 0.724609375 0.1328125 0.0771484375
0 0.5576171875 0.6982421875 0.068359375 0.1328125