0 0.0703125 0.5927734375 0.041015625 0.13671875
0 0.2587890625 0.208984375 0.0400390625 0.25390625
0 0.330078125 0.203125 0.0732421875 0.083984375
0 0.4365234375 0.208984375 0.0537109375 0.23828125
0 0.41796875 0.498046875 0.12109375 0.1005859375
0 0.55859375 0.564453125 0.044921875 0.150390625
0 0.55859375 0.7490234375 0.0400390625 0.1416015625
0 0.658203125 0.5625 0.0390625 0.13671875
0 0.6591796875 0.7470703125 0.041015625 0.1455078125
0 0.7919921875 0.564453125 0.044921875 0.1416015625
0 0.7900390625 0.74609375 0.0439453125 0.1416015625
0 0.892578125 0.564453125 0.0419921875 0.1396484375
0 0.8935546875 0.7451171875 0.0419921875 0.1455078125