0 0.322265625 0.3251953125 0.154296875 0.099609375
0 0.4365234375 0.36328125 0.08984375 0.173828125
0 0.3994140625 0.5126953125 0.154296875 0.095703125
0 0.5322265625 0.4501953125 0.0859375 0.12109375
0 0.634765625 0.4267578125 0.076171875 0.12109375
0 0.5576171875 0.2421875 0.103515625 0.078125
0 0.603515625 0.2978515625 0.107421875 0.080078125
0 0.693359375 0.4150390625 0.095703125 0.173828125
0 0.7568359375 0.2646484375 0.080078125 0.1171875
0 0.8291015625 0.2138671875 0.080078125 0.1171875
0 0.87109375 0.392578125 0.087890625 0.12109375
0 0.78515625 0.373046875 0.080078125 0.115234375
0 0.607421875 0.6796875 0.1171875 0.08203125