0 0.087890625 0.34375 0.15625 0.09375
0 0.3486328125 0.1689453125 0.1015625 0.076171875
0 0.5146484375 0.1357421875 0.111328125 0.080078125
0 0.36328125 0.232421875 0.109375 0.078125
0 0.5205078125 0.2001953125 0.11328125 0.083984375
0 0.302734375 0.3330078125 0.087890625 0.138671875
0 0.3857421875 0.3232421875 0.1015625 0.08203125
0 0.5380859375 0.2890625 0.1015625 0.072265625
0 0.6201171875 0.2705078125 0.083984375 0.134765625
0 0.8115234375 0.2607421875 0.154296875 0.142578125
0 0.1650390625 0.515625 0.09375 0.1484375
0 0.443359375 0.4560546875 0.099609375 0.0859375
0 0.5400390625 0.431640625 0.095703125 0.07421875
0 0.4189453125 0.5283203125 0.103515625 0.078125
0 0.5908203125 0.4912109375 0.099609375 0.072265625
0 0.587890625 0.5546875 0.09765625 0.06640625
0 0.4462890625 0.5830078125 0.091796875 0.0703125
0 0.4775390625 0.6552734375 0.072265625 0.099609375
0 0.5908203125 0.626953125 0.068359375 0.09765625
0 0.5126953125 0.7578125 0.099609375 0.072265625
0 0.603515625 0.73828125 0.091796875 0.068359375
0 0.5029296875 0.833984375 0.09765625 0.0703125
0 0.63671875 0.8056640625 0.103515625 0.076171875
0 0.515625 0.8916015625 0.10546875 0.078125
0 0.650390625 0.865234375 0.10546875 0.07421875