0 0.1201171875 0.134765625 0.0703125 0.02734375
0 0.2001953125 0.1513671875 0.041015625 0.0703125
0 0.3115234375 0.1669921875 0.091796875 0.041015625
0 0.33203125 0.1201171875 0.068359375 0.0390625
0 0.3154296875 0.220703125 0.091796875 0.044921875
0 0.248046875 0.2509765625 0.07421875 0.037109375
0 0.3994140625 0.2734375 0.08203125 0.044921875
0 0.314453125 0.3486328125 0.064453125 0.0390625
0 0.4697265625 0.35546875 0.060546875 0.0859375
0 0.7197265625 0.2041015625 0.0703125 0.03515625
0 0.716796875 0.244140625 0.068359375 0.0390625
0 0.6962890625 0.3134765625 0.041015625 0.064453125
0 0.6904296875 0.3828125 0.041015625 0.064453125
0 0.6650390625 0.4697265625 0.115234375 0.05859375
0 0.5869140625 0.515625 0.08203125 0.041015625
0 0.66796875 0.55859375 0.06640625 0.0390625
0 0.6689453125 0.615234375 0.10546875 0.04296875
0 0.5517578125 0.6376953125 0.048828125 0.064453125
0 0.5859375 0.7080078125 0.044921875 0.064453125
0 0.66015625 0.708984375 0.068359375 0.044921875
0 0.6728515625 0.794921875 0.05859375 0.091796875
0 0.560546875 0.8076171875 0.056640625 0.095703125
0 0.3994140625 0.9111328125 0.107421875 0.04296875