0 0.2861328125 0.2724609375 0.048828125 0.103515625
0 0.232421875 0.384765625 0.05078125 0.04296875
0 0.22265625 0.4609375 0.048828125 0.04296875
0 0.2900390625 0.4658203125 0.046875 0.044921875
0 0.177734375 0.51953125 0.0390625 0.12890625
0 0.3125 0.5341796875 0.037109375 0.111328125
0 0.4140625 0.6328125 0.041015625 0.11328125
0 0.3134765625 0.794921875 0.0390625 0.1015625
0 0.349609375 0.798828125 0.0390625 0.10546875
0 0.4296875 0.7783203125 0.037109375 0.107421875
0 0.4658203125 0.779296875 0.0390625 0.111328125
0 0.763671875 0.201171875 0.048828125 0.109375
0 0.6015625 0.443359375 0.05078125 0.048828125
0 0.5576171875 0.578125 0.048828125 0.123046875
0 0.66015625 0.5244140625 0.046875 0.041015625
0 0.693359375 0.6005859375 0.044921875 0.119140625
0 0.8583984375 0.57421875 0.046875 0.107421875
0 0.783203125 0.693359375 0.04296875 0.11328125
0 0.6728515625 0.7138671875 0.04296875 0.107421875
0 0.7236328125 0.8203125 0.046875 0.11328125
0 0.802734375 0.8330078125 0.041015625 0.1171875
0 0.837890625 0.8369140625 0.037109375 0.10546875