0 0.0751953125 0.3916015625 0.0576171875 0.1787109375
0 0.2763671875 0.302734375 0.0625 0.16796875
0 0.232421875 0.4375 0.0546875 0.10546875
0 0.3349609375 0.4208984375 0.0400390625 0.109375
0 0.3564453125 0.2705078125 0.095703125 0.046875
0 0.4169921875 0.4931640625 0.1279296875 0.060546875
0 0.5146484375 0.3515625 0.0576171875 0.171875
0 0.599609375 0.513671875 0.1162109375 0.0693359375
0 0.654296875 0.2744140625 0.05859375 0.1083984375
0 0.79296875 0.318359375 0.1552734375 0.076171875
0 0.43359375 0.7080078125 0.125 0.0625
0 0.32421875 0.0751953125 0.125 0.060546875