0 0.107421875 0.3056640625 0.09375 0.1875
0 0.322265625 0.2607421875 0.095703125 0.177734375
0 0.2509765625 0.3828125 0.076171875 0.115234375
0 0.35546875 0.388671875 0.0625 0.115234375
0 0.4072265625 0.24609375 0.103515625 0.06640625
0 0.419921875 0.4755859375 0.138671875 0.0859375
0 0.544921875 0.357421875 0.091796875 0.1796875
0 0.5947265625 0.5341796875 0.12890625 0.091796875
0 0.6982421875 0.3115234375 0.080078125 0.119140625
0 0.82421875 0.3828125 0.16796875 0.107421875
0 0.3916015625 0.689453125 0.134765625 0.087890625
0 0.416015625 0.0478515625 0.134765625 0.0859375