0 0.033203125 0.4326171875 0.056640625 0.130859375
0 0.0615234375 0.421875 0.052734375 0.125
0 0.09375 0.416015625 0.056640625 0.126953125
0 0.0703125 0.591796875 0.052734375 0.123046875
0 0.1005859375 0.591796875 0.056640625 0.12890625
0 0.1328125 0.5849609375 0.0546875 0.12890625
0 0.1943359375 0.392578125 0.046875 0.11328125
0 0.224609375 0.388671875 0.048828125 0.1171875
0 0.2548828125 0.3779296875 0.05078125 0.1171875
0 0.2333984375 0.556640625 0.046875 0.109375
0 0.26171875 0.55078125 0.048828125 0.11328125
0 0.29296875 0.5439453125 0.05078125 0.1171875
0 0.3330078125 0.3955078125 0.05078125 0.12109375
0 0.345703125 0.3203125 0.0703125 0.197265625
0 0.3916015625 0.529296875 0.052734375 0.126953125
0 0.427734375 0.5224609375 0.048828125 0.119140625
0 0.4736328125 0.5126953125 0.05859375 0.126953125
0 0.4619140625 0.3662109375 0.052734375 0.130859375
0 0.47265625 0.849609375 0.06640625 0.08203125
0 0.546875 0.708984375 0.060546875 0.072265625
0 0.572265625 0.8232421875 0.064453125 0.076171875
0 0.6552734375 0.7216796875 0.0546875 0.126953125
0 0.5380859375 0.4873046875 0.060546875 0.134765625
0 0.576171875 0.4794921875 0.05078125 0.12109375
0 0.6337890625 0.4638671875 0.0546875 0.130859375
0 0.4990234375 0.306640625 0.0546875 0.123046875
0 0.53515625 0.2998046875 0.0625 0.126953125
0 0.591796875 0.2861328125 0.05859375 0.123046875
0 0.57421875 0.123046875 0.0703125 0.091796875
0 0.6826171875 0.283203125 0.0546875 0.125
0 0.71875 0.2783203125 0.056640625 0.130859375
0 0.7548828125 0.2646484375 0.05859375 0.125
0 0.7177734375 0.44140625 0.060546875 0.130859375
0 0.755859375 0.43359375 0.05859375 0.1328125
0 0.791015625 0.4228515625 0.0546875 0.123046875
0 0.830078125 0.2451171875 0.052734375 0.126953125
0 0.859375 0.2373046875 0.048828125 0.119140625
0 0.888671875 0.2294921875 0.046875 0.111328125
0 0.91796875 0.2275390625 0.0546875 0.125
0 0.8662109375 0.4072265625 0.0546875 0.126953125
0 0.8974609375 0.4013671875 0.0546875 0.130859375
0 0.9267578125 0.3955078125 0.0546875 0.12890625
0 0.9560546875 0.392578125 0.052734375 0.123046875