0 0.2294921875 0.2939453125 0.06640625 0.126953125
0 0.2880859375 0.306640625 0.064453125 0.125
0 0.34375 0.318359375 0.0703125 0.130859375
0 0.40625 0.3515625 0.0703125 0.126953125
0 0.189453125 0.4619140625 0.07421875 0.1328125
0 0.244140625 0.50390625 0.0703125 0.130859375
0 0.3115234375 0.494140625 0.08203125 0.173828125
0 0.375 0.513671875 0.06640625 0.12890625
0 0.189453125 0.7255859375 0.0859375 0.177734375
0 0.27734375 0.7939453125 0.126953125 0.09375
0 0.509765625 0.359375 0.0625 0.123046875
0 0.4716796875 0.5458984375 0.07421875 0.134765625
0 0.572265625 0.373046875 0.07421875 0.130859375
0 0.533203125 0.5634765625 0.083984375 0.146484375
0 0.6328125 0.384765625 0.072265625 0.125
0 0.5966796875 0.5712890625 0.07421875 0.1328125
0 0.7890625 0.4150390625 0.0703125 0.125
0 0.849609375 0.4248046875 0.076171875 0.12890625
0 0.9091796875 0.4384765625 0.076171875 0.126953125
0 0.755859375 0.603515625 0.076171875 0.130859375
0 0.81640625 0.6181640625 0.072265625 0.134765625
0 0.8720703125 0.6279296875 0.076171875 0.1328125