0 0.4775390625 0.14453125 0.08984375 0.13671875
0 0.693359375 0.1748046875 0.08984375 0.1328125
0 0.775390625 0.2900390625 0.140625 0.09375
0 0.609375 0.3056640625 0.091796875 0.138671875
0 0.4619140625 0.486328125 0.091796875 0.13671875
0 0.5517578125 0.529296875 0.091796875 0.140625
0 0.70703125 0.533203125 0.140625 0.087890625
0 0.2998046875 0.49609375 0.087890625 0.134765625
0 0.5830078125 0.9716796875 0.134765625 0.056640625
0 0.751953125 0.62890625 0.13671875 0.09375
0 0.68359375 0.7568359375 0.142578125 0.09765625
0 0.5263671875 0.705078125 0.087890625 0.142578125