0 0.3505859375 0.1015625 0.15234375 0.0625
0 0.591796875 0.052734375 0.1640625 0.0703125
0 0.3369140625 0.1533203125 0.171875 0.068359375
0 0.626953125 0.0966796875 0.166015625 0.064453125
0 0.32421875 0.20703125 0.15625 0.0625
0 0.6591796875 0.142578125 0.154296875 0.060546875
0 0.3544921875 0.25390625 0.158203125 0.06640625
0 0.6494140625 0.2001953125 0.15234375 0.060546875
0 0.3671875 0.3466796875 0.16796875 0.064453125
0 0.6640625 0.2919921875 0.16796875 0.064453125
0 0.3798828125 0.3974609375 0.162109375 0.064453125
0 0.6748046875 0.33984375 0.16015625 0.064453125
0 0.3916015625 0.4423828125 0.158203125 0.05859375
0 0.68359375 0.384765625 0.166015625 0.064453125
0 0.4384765625 0.4951171875 0.15234375 0.0625
0 0.6552734375 0.451171875 0.16015625 0.052734375
0 0.4541015625 0.53515625 0.177734375 0.07421875
0 0.65234375 0.5 0.16015625 0.0625
0 0.4326171875 0.5859375 0.15234375 0.05859375
0 0.6982421875 0.53515625 0.150390625 0.056640625
0 0.4248046875 0.6337890625 0.16015625 0.064453125
0 0.7265625 0.5771484375 0.16015625 0.06640625
0 0.458984375 0.67578125 0.150390625 0.0703125
0 0.7158203125 0.6259765625 0.1640625 0.0703125
0 0.455078125 0.7734375 0.162109375 0.07421875
0 0.7529296875 0.71484375 0.158203125 0.064453125
0 0.4658203125 0.8330078125 0.16796875 0.07421875
0 0.7548828125 0.771484375 0.146484375 0.060546875
0 0.478515625 0.927734375 0.154296875 0.0625
0 0.7802734375 0.8662109375 0.142578125 0.05859375