0 0.17578125 0.3994140625 0.0625 0.126953125
0 0.234375 0.390625 0.060546875 0.125
0 0.291015625 0.3828125 0.06640625 0.12890625
0 0.361328125 0.392578125 0.06640625 0.126953125
0 0.1943359375 0.5703125 0.0703125 0.130859375
0 0.26171875 0.5908203125 0.06640625 0.130859375
0 0.3203125 0.55859375 0.076171875 0.173828125
0 0.38671875 0.5556640625 0.0625 0.12890625
0 0.28515625 0.8173828125 0.080078125 0.17578125
0 0.3916015625 0.8525390625 0.125 0.08984375
0 0.4609375 0.365234375 0.060546875 0.12109375
0 0.4892578125 0.552734375 0.0703125 0.134765625
0 0.5244140625 0.35546875 0.0703125 0.12890625
0 0.552734375 0.5478515625 0.080078125 0.14453125
0 0.5849609375 0.345703125 0.068359375 0.125
0 0.615234375 0.5341796875 0.0703125 0.130859375
0 0.7421875 0.3212890625 0.06640625 0.125
0 0.802734375 0.3095703125 0.072265625 0.12890625
0 0.86328125 0.3017578125 0.072265625 0.125
0 0.775390625 0.509765625 0.072265625 0.130859375
0 0.837890625 0.5029296875 0.068359375 0.1328125
0 0.8935546875 0.4931640625 0.072265625 0.1328125