0 0.0927734375 0.666015625 0.064453125 0.142578125
0 0.2119140625 0.2548828125 0.083984375 0.2578125
0 0.28125 0.2373046875 0.0859375 0.095703125
0 0.38671875 0.224609375 0.09375 0.244140625
0 0.4189453125 0.5126953125 0.13671875 0.119140625
0 0.5693359375 0.5537109375 0.0703125 0.15625
0 0.6005859375 0.7353515625 0.064453125 0.146484375
0 0.6669921875 0.5341796875 0.0625 0.140625
0 0.69921875 0.7158203125 0.06640625 0.150390625
0 0.798828125 0.5126953125 0.068359375 0.146484375
0 0.828125 0.6923828125 0.068359375 0.146484375
0 0.8974609375 0.4951171875 0.06640625 0.14453125
0 0.9296875 0.6728515625 0.06640625 0.150390625