0 0.3662109375 0.2900390625 0.1416015625 0.0693359375
0 0.46875 0.3525390625 0.0537109375 0.166015625
0 0.3994140625 0.490234375 0.142578125 0.064453125
0 0.54296875 0.458984375 0.0625 0.109375
0 0.6474609375 0.458984375 0.052734375 0.1123046875
0 0.6142578125 0.26171875 0.091796875 0.05859375
0 0.646484375 0.326171875 0.0966796875 0.060546875
0 0.70703125 0.4609375 0.0595703125 0.1640625
0 0.8037109375 0.328125 0.0576171875 0.1064453125
0 0.884765625 0.294921875 0.05859375 0.1064453125
0 0.8857421875 0.478515625 0.064453125 0.1083984375
0 0.806640625 0.4404296875 0.0576171875 0.1044921875
0 0.564453125 0.69921875 0.1064453125 0.060546875