0 0.4296875 0.080078125 0.1484375 0.0341796875
0 0.67578125 0.078125 0.1591796875 0.041015625
0 0.40625 0.12890625 0.16796875 0.037109375
0 0.7021484375 0.1279296875 0.162109375 0.0341796875
0 0.3837890625 0.1787109375 0.1513671875 0.03515625
0 0.724609375 0.1796875 0.1513671875 0.033203125
0 0.404296875 0.23046875 0.154296875 0.037109375
0 0.7041015625 0.234375 0.1484375 0.033203125
0 0.3984375 0.32421875 0.1650390625 0.0341796875
0 0.701171875 0.3271484375 0.1650390625 0.0341796875
0 0.4013671875 0.3759765625 0.1591796875 0.03515625
0 0.7021484375 0.3759765625 0.15625 0.03515625
0 0.404296875 0.4228515625 0.154296875 0.0302734375
0 0.7021484375 0.421875 0.162109375 0.0341796875
0 0.4404296875 0.4833984375 0.1484375 0.0341796875
0 0.662109375 0.4814453125 0.1591796875 0.0234375
0 0.4482421875 0.525390625 0.173828125 0.041015625
0 0.6494140625 0.529296875 0.15625 0.033203125
0 0.41796875 0.5712890625 0.1484375 0.0302734375
0 0.6875 0.572265625 0.1484375 0.029296875
0 0.400390625 0.6171875 0.15625 0.03515625
0 0.7080078125 0.619140625 0.15625 0.037109375
0 0.42578125 0.6650390625 0.1455078125 0.0439453125
0 0.6875 0.6650390625 0.1591796875 0.041015625
0 0.4033203125 0.759765625 0.15625 0.0458984375
0 0.70703125 0.7587890625 0.154296875 0.03515625
0 0.4033203125 0.8203125 0.162109375 0.0439453125
0 0.6982421875 0.8154296875 0.142578125 0.0341796875
0 0.3974609375 0.916015625 0.1513671875 0.0341796875
0 0.705078125 0.9130859375 0.1396484375 0.033203125