0 0.060546875 0.5087890625 0.06640625 0.142578125
0 0.318359375 0.16796875 0.087890625 0.2578125
0 0.3896484375 0.17578125 0.087890625 0.095703125
0 0.4931640625 0.2021484375 0.09765625 0.244140625
0 0.419921875 0.482421875 0.138671875 0.12109375
0 0.544921875 0.57421875 0.072265625 0.15625
0 0.509765625 0.755859375 0.06640625 0.146484375
0 0.6435546875 0.591796875 0.064453125 0.142578125
0 0.609375 0.7724609375 0.068359375 0.150390625
0 0.7744140625 0.619140625 0.0703125 0.1484375
0 0.7373046875 0.796875 0.0703125 0.146484375
0 0.873046875 0.6376953125 0.068359375 0.14453125
0 0.83984375 0.8154296875 0.068359375 0.150390625