0 0.060546875 0.3291015625 0.0283203125 0.126953125
0 0.0908203125 0.3251953125 0.0263671875 0.123046875
0 0.123046875 0.3271484375 0.029296875 0.123046875
0 0.060546875 0.4931640625 0.0263671875 0.12109375
0 0.08984375 0.5 0.0283203125 0.125
0 0.123046875 0.5 0.02734375 0.125
0 0.2265625 0.326171875 0.0234375 0.1103515625
0 0.2568359375 0.330078125 0.0234375 0.1142578125
0 0.2890625 0.326171875 0.0263671875 0.1142578125
0 0.2275390625 0.4951171875 0.0244140625 0.1064453125
0 0.2568359375 0.49609375 0.025390625 0.1103515625
0 0.2880859375 0.49609375 0.025390625 0.1142578125
0 0.361328125 0.3603515625 0.0244140625 0.119140625
0 0.3896484375 0.2900390625 0.0263671875 0.197265625
0 0.3876953125 0.50390625 0.0244140625 0.125
0 0.4248046875 0.505859375 0.0224609375 0.1171875
0 0.4716796875 0.5068359375 0.03125 0.123046875
0 0.4931640625 0.361328125 0.0234375 0.12890625
0 0.39453125 0.833984375 0.05078125 0.072265625
0 0.4990234375 0.7138671875 0.046875 0.0634765625
0 0.498046875 0.8310546875 0.05078125 0.0673828125
0 0.6015625 0.7509765625 0.02734375 0.123046875
0 0.5400390625 0.49609375 0.0322265625 0.1318359375
0 0.5791015625 0.4970703125 0.025390625 0.119140625
0 0.638671875 0.4951171875 0.0263671875 0.12890625
0 0.54296875 0.3115234375 0.029296875 0.119140625
0 0.5791015625 0.3125 0.03515625 0.123046875
0 0.6376953125 0.3125 0.0322265625 0.119140625
0 0.6572265625 0.1494140625 0.0537109375 0.0810546875
0 0.7265625 0.330078125 0.0283203125 0.12109375
0 0.7626953125 0.3330078125 0.0283203125 0.126953125
0 0.80078125 0.328125 0.03125 0.12109375
0 0.7255859375 0.4921875 0.033203125 0.126953125
0 0.763671875 0.4931640625 0.0302734375 0.12890625
0 0.80078125 0.490234375 0.0283203125 0.119140625
0 0.87890625 0.326171875 0.025390625 0.125
0 0.9091796875 0.3251953125 0.0234375 0.1162109375
0 0.939453125 0.32421875 0.0234375 0.1083984375
0 0.96875 0.328125 0.02734375 0.12109375
0 0.8779296875 0.4921875 0.02734375 0.123046875
0 0.9091796875 0.4931640625 0.0263671875 0.12890625
0 0.939453125 0.494140625 0.0263671875 0.126953125
0 0.96875 0.498046875 0.025390625 0.12109375